Run,Messages,Loss,Corruption,Time_bw_messages,Application_A,Transport_A,Transport_B,Application_B,Total_time,Throughput
1,1000,0.2,0.0,50.0,1000,1732,1372,999,48676.093750,0.020523
2,1000,0.2,0.0,50.0,1000,1692,1355,998,48236.527344,0.020690
3,1000,0.2,0.0,50.0,1000,1748,1363,998,50254.421875,0.019859
4,1000,0.2,0.0,50.0,1000,1736,1402,999,50173.675781,0.019911
5,1000,0.2,0.0,50.0,1000,1729,1364,998,49843.042969,0.020023
6,1000,0.2,0.0,50.0,1000,1734,1396,998,49966.187500,0.019974
7,1000,0.2,0.0,50.0,1000,1738,1372,999,50040.582031,0.019964
8,1000,0.2,0.0,50.0,1000,1686,1372,999,50089.023438,0.019944
9,1000,0.2,0.0,50.0,1000,1703,1347,999,49818.007812,0.020053
10,1000,0.2,0.0,50.0,1000,1729,1402,999,51002.378906,0.019587
Run,Messages,Loss,Corruption,Time_bw_messages,Application_A,Transport_A,Transport_B,Application_B,Total_time,Throughput
1,1000,0.5,0.0,50.0,1000,3707,1798,864,50354.519531,0.017158
2,1000,0.5,0.0,50.0,1000,3717,1871,913,50382.949219,0.018121
3,1000,0.5,0.0,50.0,1000,3644,1796,872,49534.441406,0.017604
4,1000,0.5,0.0,50.0,1000,3732,1927,922,50239.910156,0.018352
5,1000,0.5,0.0,50.0,1000,3630,1786,849,49079.902344,0.017298
6,1000,0.5,0.0,50.0,1000,3796,1915,935,51466.660156,0.018167
7,1000,0.5,0.0,50.0,1000,3721,1813,878,50859.125000,0.017263
8,1000,0.5,0.0,50.0,1000,3660,1851,897,49459.648438,0.018136
9,1000,0.5,0.0,50.0,1000,3719,1843,879,50481.105469,0.017412
10,1000,0.5,0.0,50.0,1000,3674,1824,883,49441.160156,0.017860
Run,Messages,Loss,Corruption,Time_bw_messages,Application_A,Transport_A,Transport_B,Application_B,Total_time,Throughput
1,1000,0.0,0.0,50.0,1000,1000,999,999,48427.187500,0.020629
2,1000,0.0,0.0,50.0,1000,1000,999,999,50260.167969,0.019877
3,1000,0.0,0.0,50.0,1000,1000,999,999,49322.628906,0.020254
4,1000,0.0,0.0,50.0,1000,999,999,999,50180.542969,0.019908
5,1000,0.0,0.0,50.0,1000,1000,999,999,50014.457031,0.019974
6,1000,0.0,0.0,50.0,1000,1000,999,999,49654.351562,0.020119
7,1000,0.0,0.0,50.0,1000,1000,999,999,50756.097656,0.019682
8,1000,0.0,0.0,50.0,1000,1000,999,999,50132.781250,0.019927
9,1000,0.0,0.0,50.0,1000,1000,999,999,49107.371094,0.020343
10,1000,0.0,0.0,50.0,1000,1000,999,999,49682.472656,0.020108
Run,Messages,Loss,Corruption,Time_bw_messages,Application_A,Transport_A,Transport_B,Application_B,Total_time,Throughput
1,1000,0.2,0.0,50.0,1000,1560,1263,999,49335.332031,0.020249
2,1000,0.2,0.0,50.0,1000,1591,1262,999,49434.949219,0.020208
3,1000,0.2,0.0,50.0,1000,1602,1261,997,49278.203125,0.020232
4,1000,0.2,0.0,50.0,1000,1541,1229,999,48789.847656,0.020476
5,1000,0.2,0.0,50.0,1000,1557,1242,997,49799.039062,0.020020
6,1000,0.2,0.0,50.0,1000,1547,1241,999,51995.789062,0.019213
7,1000,0.2,0.0,50.0,1000,1572,1248,999,49507.468750,0.020179
8,1000,0.2,0.0,50.0,1000,1481,1207,999,48684.906250,0.020520
9,1000,0.2,0.0,50.0,1000,1601,1264,999,49699.097656,0.020101
10,1000,0.2,0.0,50.0,1000,1549,1266,999,48958.339844,0.020405
Run,Messages,Loss,Corruption,Time_bw_messages,Application_A,Transport_A,Transport_B,Application_B,Total_time,Throughput
1,1000,0.5,0.0,50.0,1000,2372,1185,553,51681.660156,0.010700
2,1000,0.5,0.0,50.0,1000,2376,1186,594,51084.820312,0.011628
3,1000,0.5,0.0,50.0,1000,2356,1129,566,51287.894531,0.011036
4,1000,0.5,0.0,50.0,1000,2322,1184,592,49910.402344,0.011861
5,1000,0.5,0.0,50.0,1000,2259,1132,552,49016.371094,0.011262
6,1000,0.5,0.0,50.0,1000,2330,1179,612,50044.179688,0.012229
7,1000,0.5,0.0,50.0,1000,2270,1143,565,49075.324219,0.011513
8,1000,0.5,0.0,50.0,1000,2306,1162,610,49202.222656,0.012398
9,1000,0.5,0.0,50.0,1000,2218,1096,541,48034.906250,0.011263
10,1000,0.5,0.0,50.0,1000,2283,1150,575,49223.230469,0.011681
Run,Messages,Loss,Corruption,Time_bw_messages,Application_A,Transport_A,Transport_B,Application_B,Total_time,Throughput
1,1000,0.0,0.0,50.0,1000,1177,1176,999,51240.328125,0.019496
2,1000,0.0,0.0,50.0,1000,1168,1167,999,49305.375000,0.020261
3,1000,0.0,0.0,50.0,1000,1158,1157,999,49603.351562,0.020140
4,1000,0.0,0.0,50.0,1000,1187,1186,999,48713.886719,0.020507
5,1000,0.0,0.0,50.0,1000,1161,1160,999,49700.710938,0.020100
6,1000,0.0,0.0,50.0,1000,1186,1185,999,49579.378906,0.020150
7,1000,0.0,0.0,50.0,1000,1182,1181,998,49465.605469,0.020176
8,1000,0.0,0.0,50.0,1000,1143,1142,999,51855.621094,0.019265
9,1000,0.0,0.0,50.0,1000,1151,1151,999,50324.492188,0.019851
10,1000,0.0,0.0,50.0,1000,1170,1169,999,48822.183594,0.020462
