Run,Messages,Loss,Corruption,Time_bw_messages,Application_A,Transport_A,Transport_B,Application_B,Total_time,Throughput
1,1000,0.0,0.0,50.0,1000,1170,1169,999,50365.984375,0.019835
2,1000,0.0,0.0,50.0,1000,1172,1171,999,51034.679688,0.019575
3,1000,0.0,0.0,50.0,1000,1186,1185,999,50607.691406,0.019740
4,1000,0.0,0.0,50.0,1000,1172,1171,999,50939.015625,0.019612
5,1000,0.0,0.0,50.0,1000,1193,1192,999,48805.953125,0.020469
6,1000,0.0,0.0,50.0,1000,1186,1184,998,49078.500000,0.020335
7,1000,0.0,0.0,50.0,1000,1170,1169,999,48852.839844,0.020449
8,1000,0.0,0.0,50.0,1000,1154,1153,999,51462.679688,0.019412
9,1000,0.0,0.0,50.0,1000,1149,1148,999,50665.660156,0.019717
10,1000,0.0,0.0,50.0,1000,1167,1166,999,49849.167969,0.020040
Run,Messages,Loss,Corruption,Time_bw_messages,Application_A,Transport_A,Transport_B,Application_B,Total_time,Throughput
1,1000,0.2,0.0,50.0,1000,1845,1472,999,48966.222656,0.020402
2,1000,0.2,0.0,50.0,1000,1832,1434,999,49489.011719,0.020186
3,1000,0.2,0.0,50.0,1000,1828,1412,999,50458.230469,0.019799
4,1000,0.2,0.0,50.0,1000,1756,1393,999,51385.187500,0.019441
5,1000,0.2,0.0,50.0,1000,1786,1408,999,49598.691406,0.020142
6,1000,0.2,0.0,50.0,1000,1777,1430,998,50285.105469,0.019847
7,1000,0.2,0.0,50.0,1000,1764,1396,999,50557.250000,0.019760
8,1000,0.2,0.0,50.0,1000,1757,1435,999,49514.765625,0.020176
9,1000,0.2,0.0,50.0,1000,1798,1439,999,49598.320312,0.020142
10,1000,0.2,0.0,50.0,1000,1726,1404,999,50544.953125,0.019765
Run,Messages,Loss,Corruption,Time_bw_messages,Application_A,Transport_A,Transport_B,Application_B,Total_time,Throughput
1,1000,0.5,0.0,50.0,1000,4082,2037,998,50543.101562,0.019746
2,1000,0.5,0.0,50.0,1000,3954,1981,999,50690.156250,0.019708
3,1000,0.5,0.0,50.0,1000,3963,1985,997,49509.734375,0.020137
4,1000,0.5,0.0,50.0,1000,3853,1981,999,50377.042969,0.019830
5,1000,0.5,0.0,50.0,1000,4012,2023,998,50188.945312,0.019885
6,1000,0.5,0.0,50.0,1000,3906,1997,999,50686.351562,0.019709
7,1000,0.5,0.0,50.0,1000,3868,1934,999,51271.535156,0.019484
8,1000,0.5,0.0,50.0,1000,4025,1991,997,48962.039062,0.020363
9,1000,0.5,0.0,50.0,1000,3977,1907,999,49269.519531,0.020276
10,1000,0.5,0.0,50.0,1000,3915,1936,999,51428.367188,0.019425
Run,Messages,Loss,Corruption,Time_bw_messages,Application_A,Transport_A,Transport_B,Application_B,Total_time,Throughput
1,1000,0.0,0.0,50.0,1000,1000,999,999,48331.097656,0.020670
2,1000,0.0,0.0,50.0,1000,1000,999,999,50161.519531,0.019916
3,1000,0.0,0.0,50.0,1000,1000,999,999,49187.621094,0.020310
4,1000,0.0,0.0,50.0,1000,1000,999,999,50264.628906,0.019875
5,1000,0.0,0.0,50.0,1000,1000,999,999,50017.492188,0.019973
6,1000,0.0,0.0,50.0,1000,1000,999,999,49845.222656,0.020042
7,1000,0.0,0.0,50.0,1000,1000,999,999,50909.996094,0.019623
8,1000,0.0,0.0,50.0,1000,1000,999,999,50207.347656,0.019897
9,1000,0.0,0.0,50.0,1000,1000,999,999,48940.335938,0.020413
10,1000,0.0,0.0,50.0,1000,1000,999,999,49809.703125,0.020056
Run,Messages,Loss,Corruption,Time_bw_messages,Application_A,Transport_A,Transport_B,Application_B,Total_time,Throughput
1,1000,0.2,0.0,50.0,1000,1613,1290,999,49152.050781,0.020325
2,1000,0.2,0.0,50.0,1000,1631,1292,999,49255.980469,0.020282
3,1000,0.2,0.0,50.0,1000,1651,1301,999,50447.433594,0.019803
4,1000,0.2,0.0,50.0,1000,1586,1275,999,50436.015625,0.019807
5,1000,0.2,0.0,50.0,1000,1607,1305,999,51007.300781,0.019585
6,1000,0.2,0.0,50.0,1000,1592,1291,999,50756.714844,0.019682
7,1000,0.2,0.0,50.0,1000,1559,1247,999,52310.609375,0.019097
8,1000,0.2,0.0,50.0,1000,1526,1263,999,50442.472656,0.019805
9,1000,0.2,0.0,50.0,1000,1681,1323,999,50800.789062,0.019665
10,1000,0.2,0.0,50.0,1000,1559,1260,999,48486.007812,0.020604
Run,Messages,Loss,Corruption,Time_bw_messages,Application_A,Transport_A,Transport_B,Application_B,Total_time,Throughput
1,1000,0.5,0.0,50.0,1000,4638,2329,999,48662.164062,0.020529
2,1000,0.5,0.0,50.0,1000,5123,2591,995,48937.523438,0.020332
3,1000,0.5,0.0,50.0,1000,4149,2112,998,48111.984375,0.020743
4,1000,0.5,0.0,50.0,1000,4169,2097,997,50443.464844,0.019765
5,1000,0.5,0.0,50.0,1000,4583,2268,997,49403.316406,0.020181
6,1000,0.5,0.0,50.0,1000,4288,2164,999,50278.531250,0.019869
7,1000,0.5,0.0,50.0,1000,5380,2647,999,50314.269531,0.019855
8,1000,0.5,0.0,50.0,1000,4274,2120,995,49948.089844,0.019921
9,1000,0.5,0.0,50.0,1000,5107,2544,998,47383.234375,0.021062
10,1000,0.5,0.0,50.0,1000,4519,2214,997,48486.921875,0.020562
Run,Messages,Loss,Corruption,Time_bw_messages,Application_A,Transport_A,Transport_B,Application_B,Total_time,Throughput
1,1000,0.0,0.0,50.0,1000,1000,999,999,48331.097656,0.020670
2,1000,0.0,0.0,50.0,1000,1000,999,999,50161.519531,0.019916
3,1000,0.0,0.0,50.0,1000,1000,999,999,49187.621094,0.020310
4,1000,0.0,0.0,50.0,1000,1000,999,999,50264.628906,0.019875
5,1000,0.0,0.0,50.0,1000,1000,999,999,50017.492188,0.019973
6,1000,0.0,0.0,50.0,1000,1000,999,999,49845.222656,0.020042
7,1000,0.0,0.0,50.0,1000,1000,999,999,50909.996094,0.019623
8,1000,0.0,0.0,50.0,1000,1000,999,999,50207.347656,0.019897
9,1000,0.0,0.0,50.0,1000,1000,999,999,48940.335938,0.020413
10,1000,0.0,0.0,50.0,1000,1000,999,999,49809.703125,0.020056
Run,Messages,Loss,Corruption,Time_bw_messages,Application_A,Transport_A,Transport_B,Application_B,Total_time,Throughput
1,1000,0.2,0.0,50.0,1000,1610,1269,998,49471.531250,0.020173
2,1000,0.2,0.0,50.0,1000,1636,1301,999,48488.718750,0.020603
3,1000,0.2,0.0,50.0,1000,1674,1311,999,50228.992188,0.019889
4,1000,0.2,0.0,50.0,1000,1638,1287,999,49975.660156,0.019990
5,1000,0.2,0.0,50.0,1000,1533,1251,999,50580.074219,0.019751
6,1000,0.2,0.0,50.0,1000,1609,1299,999,51122.390625,0.019541
7,1000,0.2,0.0,50.0,1000,1571,1253,999,50455.871094,0.019799
8,1000,0.2,0.0,50.0,1000,1540,1258,999,50275.066406,0.019871
9,1000,0.2,0.0,50.0,1000,1611,1271,999,49984.628906,0.019986
10,1000,0.2,0.0,50.0,1000,1582,1262,999,48769.277344,0.020484
Run,Messages,Loss,Corruption,Time_bw_messages,Application_A,Transport_A,Transport_B,Application_B,Total_time,Throughput
1,1000,0.5,0.0,50.0,1000,5347,2658,997,49027.714844,0.020335
2,1000,0.5,0.0,50.0,1000,6095,3019,996,51677.527344,0.019273
3,1000,0.5,0.0,50.0,1000,7174,3597,993,48517.058594,0.020467
4,1000,0.5,0.0,50.0,1000,4630,2376,998,50467.343750,0.019775
5,1000,0.5,0.0,50.0,1000,4861,2405,998,50294.523438,0.019843
6,1000,0.5,0.0,50.0,1000,4704,2385,999,50834.699219,0.019652
7,1000,0.5,0.0,50.0,1000,5599,2759,997,50599.140625,0.019704
8,1000,0.5,0.0,50.0,1000,5399,2693,998,50391.515625,0.019805
9,1000,0.5,0.0,50.0,1000,5756,2863,997,50085.628906,0.019906
10,1000,0.5,0.0,50.0,1000,5348,2667,997,50605.171875,0.019702
