Run,Messages,Loss,Corruption,Time_bw_messages,Application_A,Transport_A,Transport_B,Application_B,Total_time,Throughput
1,1000,0.0,0.0,50.0,1000,1184,1183,999,50016.375000,0.019973
2,1000,0.0,0.0,50.0,1000,1207,1205,998,49459.046875,0.020178
3,1000,0.0,0.0,50.0,1000,1182,1181,999,49876.074219,0.020030
4,1000,0.0,0.0,50.0,1000,1194,1193,999,48512.941406,0.020592
5,1000,0.0,0.0,50.0,1000,1185,1184,999,50681.472656,0.019711
6,1000,0.0,0.0,50.0,1000,1195,1194,999,50559.304688,0.019759
7,1000,0.0,0.0,50.0,1000,1186,1185,999,50544.000000,0.019765
8,1000,0.0,0.0,50.0,1000,1196,1195,999,50333.449219,0.019848
9,1000,0.0,0.0,50.0,1000,1157,1156,999,49173.996094,0.020316
10,1000,0.0,0.0,50.0,1000,1168,1167,999,51181.261719,0.019519
Run,Messages,Loss,Corruption,Time_bw_messages,Application_A,Transport_A,Transport_B,Application_B,Total_time,Throughput
1,1000,0.2,0.0,50.0,1000,1745,1416,999,48774.085938,0.020482
2,1000,0.2,0.0,50.0,1000,1755,1389,999,49607.812500,0.020138
3,1000,0.2,0.0,50.0,1000,1782,1397,998,49476.808594,0.020171
4,1000,0.2,0.0,50.0,1000,1774,1415,999,50426.511719,0.019811
5,1000,0.2,0.0,50.0,1000,1769,1396,999,50949.550781,0.019608
6,1000,0.2,0.0,50.0,1000,1740,1379,998,50426.582031,0.019791
7,1000,0.2,0.0,50.0,1000,1763,1381,999,49471.738281,0.020193
8,1000,0.2,0.0,50.0,1000,1743,1418,999,50538.992188,0.019767
9,1000,0.2,0.0,50.0,1000,1738,1388,999,49692.027344,0.020104
10,1000,0.2,0.0,50.0,1000,1735,1388,999,50810.179688,0.019661
Run,Messages,Loss,Corruption,Time_bw_messages,Application_A,Transport_A,Transport_B,Application_B,Total_time,Throughput
1,1000,0.5,0.0,50.0,1000,4178,2111,999,50418.328125,0.019814
2,1000,0.5,0.0,50.0,1000,4265,2140,999,49450.617188,0.020202
3,1000,0.5,0.0,50.0,1000,4265,2100,999,50253.894531,0.019879
4,1000,0.5,0.0,50.0,1000,4100,2106,999,50248.132812,0.019881
5,1000,0.5,0.0,50.0,1000,4252,2150,999,49120.835938,0.020338
6,1000,0.5,0.0,50.0,1000,4034,2040,999,49681.625000,0.020108
7,1000,0.5,0.0,50.0,1000,4245,2124,998,49289.062500,0.020248
8,1000,0.5,0.0,50.0,1000,4136,2040,999,49358.562500,0.020240
9,1000,0.5,0.0,50.0,1000,4280,2105,999,49415.195312,0.020216
10,1000,0.5,0.0,50.0,1000,4173,2093,998,50645.148438,0.019706
Run,Messages,Loss,Corruption,Time_bw_messages,Application_A,Transport_A,Transport_B,Application_B,Total_time,Throughput
1,1000,0.0,0.0,50.0,1000,1002,1001,999,50680.937500,0.019712
2,1000,0.0,0.0,50.0,1000,1005,1004,999,50102.441406,0.019939
3,1000,0.0,0.0,50.0,1000,1001,1000,999,49280.574219,0.020272
4,1000,0.0,0.0,50.0,1000,1000,999,999,50264.628906,0.019875
5,1000,0.0,0.0,50.0,1000,1001,1000,999,51157.460938,0.019528
6,1000,0.0,0.0,50.0,1000,1002,1001,999,51400.300781,0.019436
7,1000,0.0,0.0,50.0,1000,1002,1001,999,50557.015625,0.019760
8,1000,0.0,0.0,50.0,1000,1001,1000,999,50205.695312,0.019898
9,1000,0.0,0.0,50.0,1000,1001,1000,999,48635.960938,0.020540
10,1000,0.0,0.0,50.0,1000,1001,1000,999,49819.671875,0.020052
Run,Messages,Loss,Corruption,Time_bw_messages,Application_A,Transport_A,Transport_B,Application_B,Total_time,Throughput
1,1000,0.2,0.0,50.0,1000,1550,1226,999,48923.613281,0.020420
2,1000,0.2,0.0,50.0,1000,1559,1227,999,48486.484375,0.020604
3,1000,0.2,0.0,50.0,1000,1628,1281,999,50492.660156,0.019785
4,1000,0.2,0.0,50.0,1000,1553,1249,999,48906.718750,0.020427
5,1000,0.2,0.0,50.0,1000,1578,1259,998,50363.875000,0.019816
6,1000,0.2,0.0,50.0,1000,1543,1250,999,51402.218750,0.019435
7,1000,0.2,0.0,50.0,1000,1582,1246,999,50059.285156,0.019956
8,1000,0.2,0.0,50.0,1000,1481,1217,999,49410.449219,0.020218
9,1000,0.2,0.0,50.0,1000,1597,1249,999,49766.769531,0.020074
10,1000,0.2,0.0,50.0,1000,1521,1247,999,48686.496094,0.020519
Run,Messages,Loss,Corruption,Time_bw_messages,Application_A,Transport_A,Transport_B,Application_B,Total_time,Throughput
1,1000,0.5,0.0,50.0,1000,4034,2025,999,48592.406250,0.020559
2,1000,0.5,0.0,50.0,1000,3989,2012,996,49577.984375,0.020090
3,1000,0.5,0.0,50.0,1000,4112,2024,999,50335.367188,0.019847
4,1000,0.5,0.0,50.0,1000,3724,1895,997,49825.187500,0.020010
5,1000,0.5,0.0,50.0,1000,4132,2041,999,50023.289062,0.019971
6,1000,0.5,0.0,50.0,1000,4034,2022,998,52461.769531,0.019023
7,1000,0.5,0.0,50.0,1000,4023,1999,999,50373.082031,0.019832
8,1000,0.5,0.0,50.0,1000,4028,2001,999,50373.328125,0.019832
9,1000,0.5,0.0,50.0,1000,4015,2027,999,48755.664062,0.020490
10,1000,0.5,0.0,50.0,1000,3940,2020,999,48630.648438,0.020543
Run,Messages,Loss,Corruption,Time_bw_messages,Application_A,Transport_A,Transport_B,Application_B,Total_time,Throughput
1,1000,0.0,0.0,50.0,1000,1000,999,999,48331.097656,0.020670
2,1000,0.0,0.0,50.0,1000,1000,999,999,50161.519531,0.019916
3,1000,0.0,0.0,50.0,1000,1000,999,999,49187.621094,0.020310
4,1000,0.0,0.0,50.0,1000,1000,999,999,50264.628906,0.019875
5,1000,0.0,0.0,50.0,1000,1000,999,999,50017.492188,0.019973
6,1000,0.0,0.0,50.0,1000,1000,999,999,49845.222656,0.020042
7,1000,0.0,0.0,50.0,1000,1000,999,999,50909.996094,0.019623
8,1000,0.0,0.0,50.0,1000,1000,999,999,50207.347656,0.019897
9,1000,0.0,0.0,50.0,1000,1000,999,999,48940.335938,0.020413
10,1000,0.0,0.0,50.0,1000,1000,999,999,49809.703125,0.020056
Run,Messages,Loss,Corruption,Time_bw_messages,Application_A,Transport_A,Transport_B,Application_B,Total_time,Throughput
1,1000,0.2,0.0,50.0,1000,1541,1247,999,50170.714844,0.019912
2,1000,0.2,0.0,50.0,1000,1553,1230,999,48974.460938,0.020398
3,1000,0.2,0.0,50.0,1000,1612,1277,999,50940.468750,0.019611
4,1000,0.2,0.0,50.0,1000,1557,1246,999,48872.621094,0.020441
5,1000,0.2,0.0,50.0,1000,1525,1251,999,50739.300781,0.019689
6,1000,0.2,0.0,50.0,1000,1534,1233,999,50612.558594,0.019738
7,1000,0.2,0.0,50.0,1000,1560,1237,999,49728.292969,0.020089
8,1000,0.2,0.0,50.0,1000,1487,1220,999,48590.011719,0.020560
9,1000,0.2,0.0,50.0,1000,1562,1232,999,49827.050781,0.020049
10,1000,0.2,0.0,50.0,1000,1549,1249,999,48946.273438,0.020410
Run,Messages,Loss,Corruption,Time_bw_messages,Application_A,Transport_A,Transport_B,Application_B,Total_time,Throughput
1,1000,0.5,0.0,50.0,1000,4061,1980,999,50111.398438,0.019936
2,1000,0.5,0.0,50.0,1000,3883,1924,997,49428.117188,0.020171
3,1000,0.5,0.0,50.0,1000,4086,2037,999,49054.792969,0.020365
4,1000,0.5,0.0,50.0,1000,3859,1939,999,50564.050781,0.019757
5,1000,0.5,0.0,50.0,1000,4044,1973,997,49575.332031,0.020111
6,1000,0.5,0.0,50.0,1000,3717,1858,999,49987.339844,0.019985
7,1000,0.5,0.0,50.0,1000,4079,1982,999,50126.679688,0.019930
8,1000,0.5,0.0,50.0,1000,3918,1953,997,48962.957031,0.020362
9,1000,0.5,0.0,50.0,1000,4025,2010,999,48673.832031,0.020524
10,1000,0.5,0.0,50.0,1000,3961,1985,999,49526.996094,0.020171
Run,Messages,Loss,Corruption,Time_bw_messages,Application_A,Transport_A,Transport_B,Application_B,Total_time,Throughput
1,1000,0.0,0.0,50.0,1000,1000,999,999,48331.097656,0.020670
2,1000,0.0,0.0,50.0,1000,1000,999,999,50161.519531,0.019916
3,1000,0.0,0.0,50.0,1000,1000,999,999,49187.621094,0.020310
4,1000,0.0,0.0,50.0,1000,1000,999,999,50264.628906,0.019875
5,1000,0.0,0.0,50.0,1000,1000,999,999,50017.492188,0.019973
6,1000,0.0,0.0,50.0,1000,1000,999,999,49845.222656,0.020042
7,1000,0.0,0.0,50.0,1000,1000,999,999,50909.996094,0.019623
8,1000,0.0,0.0,50.0,1000,1000,999,999,50207.347656,0.019897
9,1000,0.0,0.0,50.0,1000,1000,999,999,48940.335938,0.020413
10,1000,0.0,0.0,50.0,1000,1000,999,999,49809.703125,0.020056
Run,Messages,Loss,Corruption,Time_bw_messages,Application_A,Transport_A,Transport_B,Application_B,Total_time,Throughput
1,1000,0.2,0.0,50.0,1000,1549,1254,999,49515.769531,0.020175
2,1000,0.2,0.0,50.0,1000,1560,1241,999,49505.179688,0.020180
3,1000,0.2,0.0,50.0,1000,1584,1281,999,50099.863281,0.019940
4,1000,0.2,0.0,50.0,1000,1546,1242,999,48990.042969,0.020392
5,1000,0.2,0.0,50.0,1000,1528,1240,999,50450.523438,0.019802
6,1000,0.2,0.0,50.0,1000,1536,1241,999,51240.882812,0.019496
7,1000,0.2,0.0,50.0,1000,1565,1236,998,50267.203125,0.019854
8,1000,0.2,0.0,50.0,1000,1467,1211,999,49899.453125,0.020020
9,1000,0.2,0.0,50.0,1000,1575,1257,999,49653.621094,0.020119
10,1000,0.2,0.0,50.0,1000,1551,1255,999,48479.527344,0.020607
Run,Messages,Loss,Corruption,Time_bw_messages,Application_A,Transport_A,Transport_B,Application_B,Total_time,Throughput
1,1000,0.5,0.0,50.0,1000,4046,2001,998,49736.179688,0.020066
2,1000,0.5,0.0,50.0,1000,3942,1988,999,49627.917969,0.020130
3,1000,0.5,0.0,50.0,1000,4113,2065,999,50342.648438,0.019844
4,1000,0.5,0.0,50.0,1000,3838,1925,999,51674.765625,0.019332
5,1000,0.5,0.0,50.0,1000,3998,1982,997,47115.890625,0.021161
6,1000,0.5,0.0,50.0,1000,3751,1892,998,50431.617188,0.019789
7,1000,0.5,0.0,50.0,1000,4031,2005,997,49760.410156,0.020036
8,1000,0.5,0.0,50.0,1000,4054,1984,999,50797.074219,0.019666
9,1000,0.5,0.0,50.0,1000,4049,1997,999,49475.890625,0.020192
10,1000,0.5,0.0,50.0,1000,3991,1976,999,49807.707031,0.020057
